0.0000000 0.0000000 0.0000000
5.0000000 0.0000000 0.0000000
0.0000000 5.0000000 0.0000000

0.0000000 0.0000000 0.0000000
10.0000000 0.0000000 0.0000000
0.0000000 10.0000000 0.0000000

20.0000000 0.0000000 0.0000000
30.0000000 0.0000000 0.0000000
20.0000000 10.0000000 0.0000000

20.0000000 0.0000000 0.0000000
19.9999633 10.0000000 0.0000000
10.0000000 -0.0000367 0.0000000

20.0000000 0.0000000 0.0000000
19.9999265 20.0000000 0.0000000
0.0000000 -0.0000735 0.0000000

40.0000000 0.0000000 0.0000000
50.0000000 0.0000000 0.0000000
40.0000000 10.0000000 0.0000000

40.0000000 0.0000000 0.0000000
39.9999633 0.0000000 10.0000000
40.0000000 10.0000000 0.0000000

20.0000000 0.0000000 0.0000000
30.0000000 0.0000000 0.0000000
20.0000000 10.0000000 0.0000000

0.0000000 0.0000000 0.0000000
3.7499947 1.2500053 -3.0618665
1.2500053 3.7499947 3.0618665

0.0000000 0.0000000 0.0000000
4.0236849 2.5294027 -1.5530877
-1.5530877 4.0236849 2.5294027

0.0000000 0.0000000 0.0000000
4.3779722 2.1001601 -1.1927642
-1.9087670 4.5215171 0.9552443

0.0000000 0.0000000 0.0000000
2.8448184 -3.7335857 -1.7225985
2.6990986 3.2758548 -2.6426582

