0.0000000 0.0000000 0.9797980
0.1191750 0.0000000 0.9797980
0.0000000 0.1191750 0.9797980

0.0000000 0.0000000 0.9797980
0.2383499 0.0000000 0.9797980
0.0000000 0.2383499 0.9797980

0.4766999 0.0000000 0.9797980
0.7150498 0.0000000 0.9797980
0.4766999 0.2383499 0.9797980

0.4766999 0.0000000 0.9797980
0.4766990 0.2383499 0.9797980
0.2383499 -0.0000009 0.9797980

0.4766999 0.0000000 0.9797980
0.4766981 0.4766999 0.9797980
0.0000000 -0.0000018 0.9797980

0.9533997 0.0000000 0.9797980
1.1917496 0.0000000 0.9797980
0.9533997 0.2383499 0.9797980

0.9533997 0.0000000 0.9797980
1.1917485 0.0000000 0.9696970
0.9533997 0.2383499 0.9797980

0.4766999 0.0000000 0.9797980
0.7150498 0.0000000 0.9797980
0.4766999 0.2383499 0.9797980

0.0000000 0.0000000 0.9797980
0.0842235 0.0280747 0.9821294
0.0317374 0.0952116 0.9771623

0.0000000 0.0000000 0.9797980
0.0930153 0.0584721 0.9810152
-0.0389903 0.1010146 0.9776451

0.0000000 0.0000000 0.9797980
0.1019177 0.0488910 0.9807394
-0.0463816 0.1098694 0.9790110

0.0000000 0.0000000 0.9797980
0.0655480 -0.0860262 0.9811436
0.0611035 0.0741604 0.9818263

