0.0000000 0.0000000 -50.0000000
5.0000000 0.0000000 -50.0000000
0.0000000 5.0000000 -50.0000000

0.0000000 0.0000000 -50.0000000
10.0000000 0.0000000 -50.0000000
0.0000000 10.0000000 -50.0000000

20.0000000 0.0000000 -50.0000000
30.0000000 0.0000000 -50.0000000
20.0000000 10.0000000 -50.0000000

20.0000000 0.0000000 -50.0000000
19.9999633 10.0000000 -50.0000000
10.0000000 -0.0000367 -50.0000000

20.0000000 0.0000000 -50.0000000
19.9999265 20.0000000 -50.0000000
0.0000000 -0.0000735 -50.0000000

40.0000000 0.0000000 -50.0000000
50.0000000 0.0000000 -50.0000000
40.0000000 10.0000000 -50.0000000

40.0000000 0.0000000 -50.0000000
39.9999633 0.0000000 -40.0000000
40.0000000 10.0000000 -50.0000000

20.0000000 0.0000000 -50.0000000
30.0000000 0.0000000 -50.0000000
20.0000000 10.0000000 -50.0000000

0.0000000 0.0000000 -50.0000000
3.7499947 1.2500053 -53.0618665
1.2500053 3.7499947 -46.9381335

0.0000000 0.0000000 -50.0000000
4.0236849 2.5294027 -51.5530877
-1.5530877 4.0236849 -47.4705973

0.0000000 0.0000000 -50.0000000
4.3779722 2.1001601 -51.1927642
-1.9087670 4.5215171 -49.0447557

0.0000000 0.0000000 -50.0000000
2.8448184 -3.7335857 -51.7225985
2.6990986 3.2758548 -52.6426582

